public class Test {
	public static void main(String[] args) {
		String str = new String(
				"50,51,52,54,55,56,57,58,59,60,61,62,63,64,65,66,67,68,69,70,71,72,73,74,75,76,77,78,79,80,81,82,83,84,85,86,87,88,89,101,102,103,111,112,113,114,115,116,117,118,119,120,121,122,123,124,125,126,127,128,129,130,131,132,133,134,135,136,137,138,139,140,141,142,143,144,145,146,147,148,149,150,151,152,153,154,155,156,157,158,159,160,161,162,163,164,165,301,302,303,304,311,312,313,314,315,316,317,318,319,320,321,322,323,324,325,326,327,328,329,330,331,332,333,334,335,336,337,338,339,340,341,342,343,344,345,346,347,348,349,350,351,352,353,354,355,356,357,358,359,360,361,362,363,364,365,366,367,368,369,370,371,372,373,374,375,376,377,378,379,380,381,382,383,384,385,386,387,388,389,390,391,392,393,394,395,396,397,398,399,400,401,402,403,404,405,406,407,408,409,410,411,412,413,414,415,416,417,418,419,420,421,422,423,424,425,426,427,428,429,430,431,432,433,434,435,436,437,438,439,440,441,442,443,444,445,446,447,448,449,450,451,452,453,454,455,456,457,458,459,460,461,462,463,464,465,466,467,468,469,470,471,472,473,474,475,476,477,478,479,480,481,482,483,484,485,486,487,488,489,490,491,492,493,494,495,496,497,498,499,500,501,502,503,504,505,506,507,508,509,510,511,512,513,514,515,516,517,518,519,520,521,522,523,524,525,526,527,528,529,530,531,532,533,534,535,536,537,538,539,540,541,542,543,544,545,546,547,548,549,550,551,552,553,554,555,556,557,558,559,560,561,562,601,602,605,606,607,608,609,611,612,615,616,617,618,620,622,625,626,627,628,629,630,631,632,635,636,637,638,639,640,641,642,645,646,647,648,649,650,651,652,701,702,705,706,707,708,709,711,712,715,716,717,718,720,722,725,726,727,728,729,730,731,732,735,736,737,738,739,740,741,742,745,746,747,748,749,750,751,752,801,802,805,806,807,808,809,811,812,815,816,817,818,820,822,825,826,827,828,829,830,831,832,835,836,837,838,839,840,841,842,845,846,847,848,849,850,851,852,901,902,905,906,907,908,909,911,912,915,916,917,918,920,922,925,926,927,928,929,930,931,932,935,936,937,938,939,940,941,942,945,946,947,948,949,950,951,952,1001,1002,1005,1006,1007,1008,1009,1011,1012,1015,1016,1017,1018,1020,1022,1025,1026,1027,1028,1029,1030,1031,1032,1035,1036,1037,1038,1039,1040,1041,1042,1045,1046,1047,1048,1049,1050,1051,1052,1109,1111,1112,1115,1116,1117,1118,1120,1122,1125,1126,1127,1128,1129,1130,1131,1132,1135,1136,1137,1138,1139,1140,1141,1142,1145,1146,1209,1211,1212,1215,1216,1217,1218,1220,1222,1225,1226,1227,1228,1229,1230,1231,1232,1235,1236,1237,1238,1239,1240,1241,1242,1245,1246,1309,1311,1312,1315,1316,1317,1318,1320,1322,1325,1326,1327,1328,1329,1330,1331,1332,1335,1336,1337,1338,1339,1340,1341,1342,1345,1346,1509,1511,1512,1515,1516,1517,1518,1520,1522,1525,1526,1527,1528,1530,1532,1536,1609,1611,1612,1615,1616,1617,1618,1620,1622,1625,1626,1627,1628,1630,1632,1636,2501,2502,2505,2506,2507,2508,2509,2510,2511,2512,2515,2516,2517,2518,2519,2520,2521,2522,2525,2526,2527,2528,2529,2530,2531,2532,2535,2536,2537,2538,2539,2540,2542,2601,2602,2605,2606,2607,2608,2609,2610,2611,2612,2615,2616,2617,2618,2619,2620,2621,2622,2625,2626,2627,2628,2629,2630,2631,2632,2635,2636,2637,2638,2639,2640,2642,2701,2702,2705,2706,2707,2708,2709,2710,2711,2712,2715,2716,2717,2718,2719,2720,2721,2722,2725,2726,2727,2728,2729,2730,2731,2732,2735,2736,2737,2738,2739,2740,2742,2801,2802,2805,2806,2807,2808,2809,2810,2811,2812,2815,2816,2817,2818,2819,2820,2821,2822,2825,2826,2827,2828,2829,2830,2831,2832,2835,2836,2837,2838,2839,2840,2842,2901,2902,2905,2906,2907,2908,2909,2910,2911,2912,2915,2916,2917,2918,2919,2920,2921,2922,2925,2926,2927,2928,2929,2930,2931,2932,2935,2936,2937,2938,2939,2940,2942,3001,3002,3005,3006,3007,3008,3009,3010,3011,3012,3015,3016,3017,3018,3019,3020,3021,3022,3025,3026,3027,3028,3029,3030,3031,3032,3035,3036,3037,3038,3039,3040,3042,3101,3102,3105,3106,3107,3108,3109,3110,3111,3112,3115,3116,3117,3118,3119,3120,3121,3122,3125,3126,3127,3128,3129,3130,3131,3132,3135,3136,3137,3138,3139,3140,3142,3201,3202,3205,3206,3207,3208,3209,3210,3211,3212,3215,3216,3217,3218,3219,3220,3221,3222,3225,3226,3227,3228,3229,3230,3231,3232,3235,3236,3237,3238,3239,3240,3242,3301,3302,3305,3306,3307,3308,3309,3310,3311,3312,3315,3316,3317,3318,3319,3320,3321,3322,3325,3326,3327,3328,3329,3330,3331,3332,3335,3336,3337,3338,3339,3340,3342,3501,3502,3505,3506,3507,3508,3509,3510,3511,3512,3515,3516,3517,3518,3519,3520,3521,3522,3525,3526,3527,3528,3529,3530,3531,3532,3535,3536,3537,3538,3539,3540,3542,3601,3602,3605,3606,3607,3608,3609,3610,3611,3612,3615,3616,3617,3618,3619,3620,3621,3622,3625,3626,3627,3628,3629,3630,3631,3632,3635,3636,3637,3638,3639,3640,3642,3701,3702,3705,3706,3707,3708,3709,3710,3711,3712,3715,3716,3717,3718,3719,3720,3721,3722,3725,3726,3727,3728,3729,3730,3731,3732,3735,3736,3801,3805,3807,3809,3811,3815,3817,3819,3821,
");
		String[] s = str.split(",");
		int[] num = new int[s.length];
		String result = "";
		for (int i = 0; i < s.length; i++) {
			num[i] = Integer.parseInt(s[i]);
		}
		for (int i = 0; i < num.length; i++) {
			if (i == 0) {
				result = "" + num[i];
			} else if (i == num.length - 1) {
				if (num[i] - num[i - 1] == 1) {
					result = result + "-" + num[i];
				} else {
					result = result + "," + num[i];
				}
			} else {
				if ((num[i] - num[i - 1] == 1) && (num[i + 1] - num[i] == 1)) {
					continue;
				}
				if ((num[i] - num[i - 1] == 1) && (num[i + 1] - num[i] != 1)) {
					result = result + "-" + num[i];
				}
				if ((num[i] - num[i - 1] != 1)) {
					result = result + "," + num[i];
				}
 
			}
 
		}
		System.out.println(result);
	}
}
